Метрики модели
----------------
MAE: 2.48053128641716
MEDAE: 1.2366732788085955
RMSE: 6.1443279881691915
R2: 0.7279736629706893
MAPE: 3.5582266502778985